16,23
17,51
25,62
7,45
67,52
1,50
47,69
60,25
15,16
59,42
34,59
53,69
6,35
67,61
61,67
59,27
10,33
1,52
29,44
58,61
16,33
45,68
27,51
5,23
69,67
3,55
59,58
35,63
11,69
42,59
17,60
35,69
8,49
63,69
56,57
67,65
7,31
63,30
7,27
1,49
59,63
13,44
67,44
43,67
2,33
25,61
25,52
48,61
45,69
69,31
5,44
10,51
31,60
26,59
15,19
9,20
55,59
49,69
1,14
7,16
1,41
33,56
15,67
68,55
24,59
27,66
25,50
14,47
10,53
16,27
63,28
59,41
59,53
11,16
3,47
15,20
10,43
18,67
69,61
9,13
23,57
61,61
9,8
7,22
29,55
3,43
15,51
25,49
28,49
34,55
28,53
25,55
61,45
26,61
5,41
27,58
67,50
61,27
33,47
61,34
24,65
1,45
13,26
13,52
47,62
13,65
64,35
37,50
62,63
61,43
69,27
9,47
9,43
13,27
23,59
9,37
10,41
37,53
0,45
5,53
22,63
62,55
9,34
7,23
5,19
16,47
1,53
2,53
62,53
21,57
7,11
40,65
37,66
25,65
67,58
45,59
47,63
19,64
1,10
66,39
7,50
49,63
18,45
15,23
25,57
64,45
39,49
67,33
20,9
45,66
14,65
56,61
25,66
56,65
57,62
29,51
9,7
5,9
63,39
29,46
8,67
16,31
53,66
5,54
65,42
59,57
9,48
17,52
9,23
17,21
67,67
33,53
64,61
11,62
3,46
4,39
57,51
18,37
8,17
57,61
59,61
15,45
37,61
65,61
29,68
19,45
61,28
29,52
5,32
63,65
57,56
65,33
63,33
27,67
11,47
11,18
25,68
3,23
38,53
61,47
6,13
20,15
58,59
64,41
3,39
41,64
37,65
36,59
5,34
63,41
33,55
39,62
15,9
50,63
7,26
35,46
17,33
19,65
19,48
1,40
23,58
6,5
37,48
27,55
66,27
59,31
60,63
70,69
35,15
32,67
55,65
37,49
1,46
7,47
53,64
7,24
43,68
11,28
7,4
3,52
33,48
9,63
28,47
37,47
66,37
43,69
55,63
33,65
5,28
12,61
5,12
9,44
68,45
14,29
1,28
63,49
62,39
9,41
1,13
69,33
37,45
27,53
65,29
51,62
38,43
5,37
1,9
13,59
25,67
5,51
9,35
67,39
44,59
19,27
9,21
39,47
29,47
43,70
56,53
67,57
13,47
11,21
13,67
2,29
55,53
6,39
15,33
12,41
57,64
29,69
61,65
51,63
34,49
9,45
64,65
41,61
3,41
16,65
9,29
57,59
65,35
30,57
62,21
69,56
5,26
69,65
33,45
67,45
1,3
67,37
63,43
7,43
54,69
3,9
12,69
4,41
69,60
51,42
65,39
66,61
2,49
29,62
32,69
1,23
12,47
13,20
55,69
27,44
50,65
59,67
9,11
15,61
5,48
63,58
9,56
65,34
30,55
21,44
21,42
13,36
45,67
31,51
41,68
3,18
39,67
59,38
33,49
39,60
60,59
38,69
7,21
42,57
31,57
9,15
29,56
1,7
62,61
1,42
10,21
7,29
12,51
13,50
9,68
35,60
3,14
5,45
31,45
16,21
3,27
8,39
11,27
15,59
32,57
69,55
26,63
31,47
7,17
58,27
59,44
31,46
2,39
60,65
1,31
6,9
59,59
55,67
30,51
27,54
5,47
33,61
53,58
57,63
6,43
1,2
28,63
19,59
19,49
31,63
60,67
35,67
65,55
36,49
3,49
15,62
25,44
51,69
1,29
10,65
40,69
63,35
63,29
44,65
13,35
65,41
61,55
7,49
14,23
69,51
54,57
27,69
65,32
25,69
10,17
8,43
29,66
69,47
61,63
65,37
65,57
61,70
3,29
11,45
43,65
69,69
13,49
69,57
55,66
57,67
31,48
35,49
52,59
29,50
16,53
15,17
11,68
3,48
31,69
3,5
45,65
59,65
10,23
65,46
41,69
9,28
21,15
39,50
5,49
43,63
21,45
33,44
1,25
19,47
29,49
48,69
51,59
43,54
56,69
23,61
15,29
25,63
51,68
62,69
59,30
5,39
58,69
18,65
17,25
35,52
11,43
69,64
5,43
65,49
40,51
29,63
3,21
49,65
3,16
32,47
3,3
65,53
1,6
15,65
69,50
15,25
7,40
49,67
37,51
47,65
69,42
13,21
34,63
67,55
15,28
7,15
21,63
36,69
1,16
4,9
39,51
35,65
64,51
39,53
13,29
11,35
58,45
69,25
69,53
9,36
15,43
58,31
2,31
7,9
37,63
45,64
27,49
33,64
7,7
1,19
6,19
34,45
11,51
49,66
35,57
61,52
11,17
17,47
33,59
29,53
11,67
45,63
29,57
12,21
0,55
63,67
67,40
17,62
53,67
68,35
31,64
7,37
7,53
23,56
63,44
23,44
67,69
5,25
31,61
19,50
5,0
69,40
8,33
9,5
3,22
7,51
25,8
15,21
1,35
21,65
3,13
5,16
69,63
41,65
19,63
2,25
62,31
61,69
7,10
70,27
64,53
5,18
22,67
1,51
35,45
17,65
65,47
13,32
70,51
2,35
61,26
18,25
69,24
68,53
13,64
33,58
9,62
66,67
19,61
9,51
68,67
68,37
21,27
3,53
9,17
21,61
69,43
2,11
11,19
63,31
42,61
5,2
4,5
17,67
4,37
21,46
5,29
27,68
13,61
14,67
63,36
6,57
65,69
56,59
2,37
25,70
43,59
7,58
3,37
5,57
33,51
17,50
17,29
25,56
2,43
3,17
63,68
29,65
46,61
33,69
62,57
7,19
6,37
9,24
13,33
17,19
9,65
4,13
13,69
11,41
69,35
1,20
69,49
5,1
68,29
21,10
5,5
15,49
10,13
1,47
0,33
64,33
59,25
26,21
6,31
31,54
63,38
63,61
7,41
57,29
62,43
37,46
7,25
35,11
14,51
29,67
11,23
35,47
16,67
20,67
1,43
10,49
1,36
61,41
9,27
56,51
47,57
33,57
7,55
19,67
22,59
3,51
40,67
17,55
4,55
1,17
5,35
65,68
22,43
15,15
37,52
50,57
7,13
6,51
3,33
13,45
65,54
61,39
19,24
41,63
6,47
9,25
51,65
4,11
9,49
17,23
12,35
15,68
4,49
63,37
3,45
17,30
1,39
39,48
38,61
2,3
26,51
47,64
68,23
13,16
5,11
57,66
11,46
9,67
9,38
63,63
68,27
17,31
13,41
52,69
31,20
11,32
69,66
65,58
65,50
63,27
61,57
59,68
21,43
11,9
9,32
31,28
35,55
38,57
1,37
14,49
13,22
11,44
62,65
47,68
65,31
32,51
35,51
65,30
66,29
67,51
37,68
11,13
0,21
13,63
67,35
19,62
29,58
54,63
15,47
67,36
3,7
67,32
61,42
31,59
1,18
14,9
47,53
27,47
14,61
54,61
17,45
66,47
10,27
67,29
5,31
18,23
7,62
13,30
55,43
59,45
67,25
61,59
65,59
29,61
57,69
3,11
7,52
65,64
16,49
5,27
64,67
20,59
55,32
14,13
12,29
13,55
13,31
7,54
69,23
13,42
3,44
5,17
6,29
9,69
1,4
49,31
5,55
65,56
7,39
70,45
16,45
67,27
20,57
67,41
11,29
35,59
42,65
30,49
11,33
65,43
35,62
15,63
3,31
61,40
19,57
51,67
7,57
67,49
63,56
23,63
9,46
19,51
37,64
7,33
1,8
21,67
68,31
1,21
4,29
67,31
3,15
36,55
7,30
4,3
1,5
21,60
61,25
9,14
32,61
20,61
27,56
17,63
68,61
18,47
33,52
27,64
69,37
53,59
3,1
43,62
21,7
5,42
29,59
25,59
7,14
57,24
3,19
21,59
29,60
68,63
67,47
30,69
46,67
66,65
1,15
65,60
5,22
8,23
61,32
3,26
61,33
1,11
36,65
34,67
11,66
70,37
15,18
12,59
14,45
25,45
7,46
20,65
27,59
8,11
52,65
3,20
69,59
70,57
8,41
23,66
1,24
65,27
11,25
37,62
57,55
49,35
5,13
19,25
67,43
5,21
25,18
12,65
33,66
3,35
60,29
67,34
13,25
41,67
19,52
11,31
23,43
35,53
1,1
27,65
37,67
9,19
13,19
14,43
10,3
55,60
5,24
35,54
64,39
9,31
20,47
50,69
13,7
61,66
68,69
40,63
7,36
9,30
27,57
52,41
19,44
13,17
34,69
7,35
5,15
43,61
17,61
1,33
13,23
5,52
23,62
3,6
13,18
31,62
12,25
59,69
13,43
9,54
57,32
68,59
38,45
63,62
1,27
9,12
39,65
69,29
67,63
2,1
14,25
65,45
39,59
7,20
11,65
68,47
23,64
4,21
13,34
27,61
17,49
5,33
1,55
30,65
25,48
63,45
37,69
69,45
3,25
55,68
9,33
2,55
69,39
35,61
9,64
27,63
63,46
65,63
64,27
67,48
9,26
3,32
66,43
61,60
66,53
16,25
31,53
68,41